Date,Open,High,Low,Close,Volume,Adj Close
2017-03-02,218.10,221.70,218.10,221.60,8798200,221.60
2017-03-01,215.50,219.70,214.10,219.00,9961500,219.00
2017-02-28,218.80,219.00,216.00,218.10,9652500,218.10
2017-02-27,219.10,220.60,218.20,219.70,6389000,219.70
2017-02-24,218.50,221.40,216.70,218.70,8594400,218.70
2017-02-23,217.20,221.30,217.20,219.00,6707300,219.00
2017-02-22,218.10,218.201,214.10,216.30,8463000,216.30
2017-02-21,217.00,219.20,215.20,218.10,6456200,218.10
2017-02-20,215.80,217.60,215.60,216.50,4999300,216.50
2017-02-17,217.50,218.40,214.50,216.10,8048700,216.10
2017-02-16,216.00,218.90,215.30,217.50,6816200,217.50
2017-02-15,215.00,217.30,215.00,216.80,6066700,216.80
2017-02-14,213.20,216.60,212.60,213.70,7528500,213.70
2017-02-13,212.30,214.20,212.30,212.90,7017200,212.90
2017-02-10,208.70,211.90,208.70,211.20,9605500,211.20
2017-02-09,206.60,207.70,204.50,207.50,7320600,207.50
2017-02-08,207.20,207.30,204.90,206.50,7599600,206.50
2017-02-07,207.50,209.20,205.80,207.90,7098400,207.90
2017-02-06,208.90,210.00,207.00,207.20,3946700,207.20
2017-02-03,206.40,209.80,206.10,209.00,7856700,209.00
2017-02-02,206.90,208.60,205.10,206.90,5558800,206.90
2017-02-01,209.50,210.50,207.20,207.50,5356700,207.50
2017-01-31,206.80,212.20,206.80,207.70,10304500,207.70
2017-01-30,210.00,210.00,205.00,205.90,13850300,205.90
2017-01-27,215.00,215.60,210.40,213.20,8325600,213.20
2017-01-26,212.60,214.20,211.00,211.80,7562500,211.80
2017-01-25,212.50,214.50,211.90,212.30,6882000,212.30
2017-01-24,209.30,212.00,207.50,210.40,8571600,210.40
2017-01-23,208.10,209.40,206.60,208.60,7027800,208.60
2017-01-20,209.30,211.10,208.20,208.40,8951100,208.40
2017-01-19,210.30,210.90,208.10,209.30,7688200,209.30
2017-01-18,212.40,212.60,208.40,209.90,8656000,209.90
2017-01-17,210.40,213.30,209.70,211.80,9493000,211.80
2017-01-16,212.90,214.20,210.40,210.40,11453000,210.40
2017-01-13,212.30,214.60,211.80,212.50,8350800,212.50
2017-01-12,212.30,213.90,210.60,211.40,8791400,211.40
2017-01-11,208.70,212.50,207.90,211.90,7600300,211.90
2017-01-10,207.80,209.90,206.80,209.10,7373600,209.10
2017-01-09,209.30,210.00,206.30,208.20,5026600,208.20
2017-01-06,206.00,208.20,205.10,208.10,4900400,208.10
2017-01-05,209.20,210.50,205.80,207.10,9602300,207.10
2017-01-04,206.60,209.50,205.70,209.50,6434500,209.50
2017-01-03,208.00,208.00,205.40,206.80,8895500,206.80
2017-01-02,207.30,207.30,207.30,207.30,000,207.30
2016-12-30,205.40,207.30,203.10,207.30,4541500,207.30
2016-12-29,200.70,204.70,200.70,204.70,4875100,204.70
2016-12-28,200.30,201.90,199.60,201.90,5928000,201.90
2016-12-27,198.90,198.90,198.90,198.90,000,198.90
2016-12-26,198.90,198.90,198.90,198.90,000,198.90
2016-12-23,198.50,200.20,198.10,198.90,3420300,198.90
2016-12-22,200.10,200.56,198.50,200.50,6010500,200.50
2016-12-21,199.30,200.50,197.762,199.90,6299400,199.90
2016-12-20,197.40,199.76,196.00,199.70,8882600,199.70
2016-12-19,198.90,198.90,196.20,197.10,9742900,197.10
2016-12-16,192.10,199.26,192.10,199.20,14264600,199.20
2016-12-15,191.00,192.219,187.70,192.20,10801800,192.20
2016-12-14,193.80,195.60,192.90,193.30,12888400,193.30
2016-12-13,192.40,194.70,191.014,194.70,10235700,194.70
2016-12-12,196.60,197.20,190.60,190.80,9662700,190.80
2016-12-09,196.80,198.50,195.60,197.60,8246900,197.60
2016-12-08,194.60,196.40,193.70,196.00,9183600,196.00
2016-12-07,188.10,195.60,187.80,195.60,11393300,195.60
2016-12-06,187.20,187.90,185.80,187.90,7647900,187.90
2016-12-05,183.90,187.90,183.90,187.50,8363100,187.50
2016-12-02,183.90,185.10,182.30,184.90,8486900,184.90
2016-12-01,188.40,193.20,183.00,185.60,10367900,185.60
2016-11-30,189.90,190.60,188.20,189.90,14206600,189.90
2016-11-29,187.60,189.60,187.60,189.50,8308200,189.50
2016-11-28,191.00,192.00,188.20,189.40,10171400,189.40
2016-11-25,191.00,192.50,190.30,190.80,5653000,190.80
2016-11-24,191.90,192.20,189.60,191.40,5914300,191.40
2016-11-23,192.40,195.10,190.20,191.20,11386300,191.20
2016-11-22,190.60,192.70,190.20,192.00,8792700,192.00
2016-11-21,189.10,191.20,186.00,186.50,6818400,186.50
2016-11-18,189.00,190.60,186.30,188.90,10521000,188.90
2016-11-17,187.80,189.90,186.60,188.80,10737700,188.80
2016-11-16,187.60,189.10,185.90,186.90,9606900,186.90
2016-11-15,187.00,189.30,186.40,187.40,14518700,187.40
2016-11-14,187.70,188.00,183.50,186.80,15897100,186.80
2016-11-11,190.90,191.50,183.90,185.70,21623300,185.70
2016-11-10,203.10,205.90,189.90,191.80,25646000,191.80
2016-11-09,191.00,201.30,190.308,201.30,13826500,201.30
2016-11-08,192.50,197.70,192.50,197.70,11109700,197.70
2016-11-07,191.70,193.60,191.00,193.40,8819500,193.40
2016-11-04,192.70,193.10,187.10,187.50,14868300,187.50
2016-11-03,195.60,197.10,193.20,195.00,17996500,195.00
2016-11-02,197.00,199.30,196.20,197.30,11575700,197.30
2016-11-01,201.90,202.30,198.20,198.50,7570600,198.50
2016-10-31,198.50,203.70,196.80,201.50,16528300,201.50
2016-10-28,199.00,199.70,196.50,199.30,9382000,199.30
2016-10-27,199.20,201.10,197.60,200.20,8677000,200.20
2016-10-26,200.30,201.10,197.10,200.40,6569400,200.40
2016-10-25,199.90,202.30,199.20,201.20,5932500,201.20
2016-10-24,199.20,202.30,199.00,199.20,8102800,199.20
2016-10-21,198.00,199.50,197.00,199.10,7280300,199.10
2016-10-20,198.20,199.00,197.30,199.00,5799900,199.00
2016-10-19,196.90,199.50,194.80,198.40,9306100,198.40
2016-10-18,192.90,197.10,192.90,195.60,10758800,195.60
2016-10-17,192.30,194.10,190.60,192.50,9822500,192.50
2016-10-14,190.70,195.20,190.70,192.80,11282500,192.80
2016-10-13,194.40,194.50,190.10,191.40,12664800,191.40
2016-10-12,197.10,198.30,192.475,194.70,17108200,194.70
2016-10-11,208.60,209.60,196.70,197.70,22293900,197.70
2016-10-10,208.80,210.40,207.475,209.30,9067800,209.30
2016-10-07,204.60,208.20,204.00,207.70,14406000,207.70
2016-10-06,206.30,208.00,204.50,204.50,8841700,204.50
2016-10-05,206.80,207.80,205.00,205.30,9223800,205.30
2016-10-04,204.10,208.802,203.70,206.90,17852100,206.90
2016-10-03,202.50,205.20,201.90,203.70,10194800,203.70
2016-09-30,199.80,202.70,196.50,202.40,13446800,202.40
2016-09-29,200.70,203.73,200.70,202.80,10852000,202.80
2016-09-28,197.00,201.00,197.00,199.80,8553500,199.80
2016-09-27,198.80,199.70,195.20,196.30,10436700,196.30
2016-09-26,199.80,199.80,196.10,197.60,7217300,197.60
2016-09-23,199.90,202.27,199.30,200.70,7582400,200.70
2016-09-22,196.90,201.30,196.90,200.70,10989700,200.70
2016-09-21,195.80,198.90,194.30,197.80,9379200,195.13
2016-09-20,194.00,196.60,193.20,194.50,10199900,191.875
2016-09-19,192.20,193.90,191.70,193.90,9384200,191.283
2016-09-16,191.30,192.00,189.00,190.30,24817400,187.731
2016-09-15,190.10,191.30,188.80,190.30,13343700,187.731
2016-09-14,192.40,192.60,190.30,190.30,9819800,187.731
2016-09-13,193.30,194.20,190.70,190.70,10565600,188.126
2016-09-12,191.90,192.80,189.80,192.80,13613500,190.197
2016-09-09,197.90,198.20,193.80,195.80,10554200,193.157
2016-09-08,197.70,199.415,196.00,198.90,8642200,196.215
2016-09-07,199.90,201.30,198.20,198.60,7977200,195.919
2016-09-06,198.80,200.40,198.10,199.10,9203100,196.412
2016-09-05,200.90,201.10,197.30,198.50,7202800,195.821
2016-09-02,193.40,201.00,192.10,200.00,19414400,197.30
2016-09-01,194.60,194.80,189.70,192.20,23200900,189.606
2016-08-31,195.00,197.40,193.60,194.10,16081800,191.48
2016-08-30,197.40,197.40,194.20,195.20,13392100,192.565
2016-08-29,197.60,197.60,197.60,197.60,000,194.933
2016-08-26,198.70,199.114,196.50,197.60,9991000,194.933
2016-08-25,196.40,198.90,194.90,197.70,16387100,195.031
2016-08-24,202.90,202.90,193.50,196.40,21684400,193.749
2016-08-23,204.50,205.90,202.80,204.50,13380000,201.74
2016-08-22,207.20,207.20,202.90,203.90,6898200,201.148
2016-08-19,207.60,208.50,205.00,206.80,7736400,204.009
2016-08-18,210.70,211.356,206.50,208.70,8604200,205.883
2016-08-17,213.40,213.90,207.749,209.00,9732500,206.179
2016-08-16,214.00,217.90,213.30,213.50,9779300,210.618
2016-08-15,217.40,217.90,215.80,217.00,7430900,214.071
2016-08-12,215.50,220.20,215.30,216.10,9910300,213.183
2016-08-11,215.20,219.30,211.40,216.90,27382600,213.972
2016-08-10,221.20,225.607,220.675,225.50,11791200,222.456
2016-08-09,219.30,223.40,218.80,222.80,7298700,219.793
2016-08-08,216.90,220.80,216.40,218.80,6952900,215.847
2016-08-05,214.60,217.30,214.40,217.20,10013300,214.268
2016-08-04,208.10,215.00,207.90,215.00,13269300,212.098
2016-08-03,209.10,209.70,206.80,208.00,4684200,205.192
2016-08-02,212.50,212.50,207.80,208.80,8452400,205.982
2016-08-01,211.90,217.10,208.52,212.20,10425000,209.336
2016-07-29,207.30,210.80,205.90,210.60,12633400,207.757
2016-07-28,208.90,209.50,204.60,205.80,9151900,203.022
2016-07-27,206.70,209.80,206.70,208.20,6272700,205.39
2016-07-26,206.30,207.60,205.50,205.70,5917400,202.923
2016-07-25,204.00,208.50,202.70,205.30,7858700,202.529
2016-07-22,202.50,206.50,201.70,204.20,6480700,201.444
2016-07-21,202.70,205.20,201.90,203.40,8583900,200.654
2016-07-20,204.10,205.30,201.60,201.60,9339500,198.879
2016-07-19,204.20,204.40,201.20,202.30,6113200,199.569
2016-07-18,203.10,206.10,202.40,204.00,6516400,201.246
2016-07-15,204.30,205.00,200.50,203.10,10343800,200.358
2016-07-14,204.40,205.10,199.30,203.70,9288100,200.95
2016-07-13,203.60,206.30,180.699,202.40,11194000,199.668
2016-07-12,200.70,206.30,199.80,204.30,9084700,201.542
2016-07-11,197.40,202.00,197.40,201.40,7617800,198.681
2016-07-08,192.10,196.40,192.10,195.90,6370000,193.256
2016-07-07,191.80,196.90,191.10,193.70,7495700,191.085
2016-07-06,192.80,195.20,188.50,189.40,11656600,186.843
2016-07-05,197.20,197.20,192.80,194.60,11055600,191.973
2016-07-04,203.60,203.60,197.50,198.70,7035000,196.018
2016-07-01,202.70,203.70,195.00,202.20,13779900,199.471
2016-06-30,191.30,200.30,189.50,200.30,15210900,197.596
2016-06-29,188.30,192.20,188.30,192.20,18441500,189.606
2016-06-28,182.90,187.70,182.50,184.20,14385300,181.714
2016-06-27,184.30,186.60,177.00,178.10,13961400,175.696
2016-06-24,176.00,190.90,174.30,186.70,25617500,184.18
2016-06-23,195.20,197.30,191.93,196.00,16795400,193.354
2016-06-22,189.80,195.60,188.20,193.40,8484500,190.789
2016-06-21,183.50,188.30,182.40,187.80,6929900,185.265
2016-06-20,180.50,185.70,179.90,183.80,14595400,181.319
2016-06-17,171.70,176.70,171.00,175.90,15899700,173.526
2016-06-16,170.00,171.40,168.30,169.90,5887500,167.607
2016-06-15,173.20,174.90,171.00,172.60,7484000,170.27
2016-06-14,174.90,176.80,171.80,171.80,11218800,169.481
2016-06-13,178.00,179.60,176.30,176.30,8929000,173.92
2016-06-10,186.10,186.50,179.40,179.40,12809400,176.978
2016-06-09,186.70,187.20,185.20,186.50,8778800,183.983
2016-06-08,182.90,188.00,182.30,187.70,10129700,185.166
2016-06-07,185.40,187.80,184.60,184.60,8537900,182.108
2016-06-06,179.90,186.30,179.50,184.50,13044700,182.01
2016-06-03,178.20,179.70,176.50,178.20,8627200,175.795
2016-06-02,179.20,179.70,176.30,177.10,8502800,174.709
2016-06-01,177.30,179.10,176.00,178.10,12797400,175.696
2016-05-31,177.60,178.60,175.90,178.10,15413400,175.696
2016-05-30,178.00,178.00,178.00,178.00,000,175.597
2016-05-27,177.10,178.10,176.70,178.00,5071400,175.597
2016-05-26,177.70,179.10,176.732,178.00,8279600,175.597
2016-05-25,178.60,179.929,177.30,177.60,9679600,175.203
2016-05-24,167.00,177.20,166.80,177.10,13513200,174.709
2016-05-23,169.90,170.40,167.00,167.30,5860600,165.042
2016-05-20,165.70,169.70,165.70,169.70,9915300,167.409
2016-05-19,167.40,167.60,163.90,164.20,7202100,161.984
2016-05-18,166.80,169.00,165.50,169.00,10070600,166.719
2016-05-17,167.80,169.20,165.70,166.90,6847800,164.647
2016-05-16,167.40,167.80,165.236,167.60,6614100,165.338
2016-05-13,167.90,169.10,165.60,169.10,5660800,166.817
2016-05-12,170.30,173.60,168.60,169.00,8173200,166.719
2016-05-11,172.00,172.60,170.00,172.00,6278600,169.678
2016-05-10,173.70,174.90,170.775,172.30,7561300,169.974
2016-05-09,175.60,177.50,172.20,172.70,7027300,170.369
2016-05-06,173.60,175.30,171.00,174.20,7233400,171.849
2016-05-05,175.50,177.80,173.60,174.70,8189200,172.342
2016-05-04,176.30,177.65,174.00,175.10,7429000,172.736
2016-05-03,186.50,186.50,177.70,178.10,8489900,175.696
2016-05-02,185.50,185.50,185.50,185.50,000,182.996
2016-04-29,186.10,188.50,185.50,185.50,11196300,182.996
2016-04-28,185.20,188.40,183.90,188.10,12305300,185.561
2016-04-27,188.40,190.00,186.30,187.40,6018900,184.87
2016-04-26,191.00,191.20,189.10,189.10,4806400,186.547
2016-04-25,192.60,193.90,189.70,190.60,5937300,188.027
2016-04-22,197.00,198.40,192.60,193.20,6998000,190.592
2016-04-21,198.00,199.876,197.50,198.70,8764800,196.018
2016-04-20,196.00,197.80,193.80,197.70,8717000,195.031
2016-04-19,194.60,197.90,194.60,196.20,7060200,193.552
2016-04-18,190.00,194.60,188.40,194.20,6058300,191.579
2016-04-15,195.80,195.80,192.70,192.70,8509900,190.099
2016-04-14,196.60,198.025,195.10,196.30,6126700,193.65
2016-04-13,191.90,195.90,190.00,195.90,7654600,193.256
2016-04-12,186.60,189.40,185.60,189.40,7064700,186.843
2016-04-11,184.40,187.70,183.60,186.00,6790500,183.489
2016-04-08,182.90,185.90,182.90,184.80,10251500,182.305
2016-04-07,187.60,187.892,181.50,183.00,8168800,180.53
2016-04-06,186.70,188.137,183.60,186.90,8970600,184.377
2016-04-05,189.90,191.57,185.60,186.50,10716300,183.983
2016-04-04,190.30,193.90,190.30,191.90,6670300,189.31
2016-04-01,190.60,198.75,189.80,191.40,12392400,188.816
2016-03-31,192.00,195.90,187.862,193.10,13216900,190.493
2016-03-30,193.50,197.30,193.50,196.70,11874200,187.879
2016-03-29,193.00,196.70,189.90,191.20,9281000,182.626
2016-03-28,191.90,191.90,191.90,191.90,000,183.294
2016-03-24,193.60,195.20,191.00,191.90,8901000,183.294
2016-03-23,196.30,197.30,194.00,195.60,9447100,186.829
2016-03-22,193.10,197.50,191.20,196.80,10466000,187.975
2016-03-21,195.30,195.90,192.452,193.10,6395500,184.441
2016-03-18,197.90,198.60,195.20,196.60,18603000,187.784
2016-03-17,193.50,198.50,192.70,196.30,16794700,187.497
2016-03-16,190.50,191.715,187.60,190.90,9640700,182.339
2016-03-15,188.40,190.90,187.40,188.80,18806400,180.333
2016-03-14,184.90,190.50,184.10,189.00,20921500,180.525
2016-03-11,191.30,191.50,175.50,182.00,29727700,173.838
2016-03-10,193.20,196.39,185.30,185.30,17047600,176.99
2016-03-09,191.60,193.532,190.80,191.50,10089300,182.912
2016-03-08,190.50,193.50,189.00,191.40,13403700,182.817
2016-03-07,198.80,200.50,190.687,192.10,28167000,183.486
2016-03-04,178.50,180.00,176.60,179.70,8049200,171.642
2016-03-03,178.00,180.10,176.40,178.60,7272500,170.591
2016-03-02,178.60,179.70,175.50,178.30,9123900,170.304
2016-03-01,169.50,175.50,169.40,175.50,9433100,167.63
2016-02-29,165.60,170.30,164.70,170.30,9247100,162.663
2016-02-26,170.00,171.30,168.20,168.90,11606800,161.326
2016-02-25,167.00,168.832,165.30,168.50,10523100,160.944
2016-02-24,171.80,171.80,164.20,165.60,10147400,158.174
2016-02-23,174.50,176.10,172.20,172.80,7411500,165.051
2016-02-22,172.40,177.00,171.80,177.20,7153300,169.254
2016-02-19,173.80,176.10,169.80,171.40,9108300,163.714
2016-02-18,176.40,177.70,173.60,174.60,14571300,166.77
2016-02-17,165.40,174.40,163.90,174.40,17664100,166.579
2016-02-16,168.30,169.40,163.50,166.50,11325000,159.033
2016-02-15,163.80,168.30,163.70,165.80,10771900,158.365
2016-02-12,154.60,160.10,154.60,160.10,11274200,152.921
2016-02-11,155.80,156.174,149.80,151.40,12764600,144.611
2016-02-10,156.70,162.10,155.20,157.50,12427700,150.437
2016-02-09,157.10,159.70,153.10,154.00,12479600,147.094
2016-02-08,160.80,163.60,154.964,156.10,10224700,149.10
2016-02-05,161.50,164.50,160.10,161.30,8777600,154.067
2016-02-04,157.40,164.30,156.70,162.00,15323600,154.735
2016-02-03,156.50,158.50,151.40,152.30,10925300,145.47
2016-02-02,165.80,166.10,157.10,157.50,9970000,150.437
2016-02-01,171.30,171.60,164.40,167.00,10602400,159.511
2016-01-29,164.50,169.70,163.80,169.70,14470000,162.09
2016-01-28,159.60,164.50,159.60,161.40,12908500,154.162
2016-01-27,156.80,159.70,155.70,159.70,8554900,152.538
2016-01-26,151.90,156.80,149.884,156.20,9455200,149.195
2016-01-25,159.00,159.90,154.10,154.70,8884000,147.763
2016-01-22,158.80,159.50,156.10,156.40,8973800,149.386
2016-01-21,151.00,155.90,148.90,154.20,13887700,147.285
2016-01-20,153.80,154.00,148.072,149.40,10165500,142.70
2016-01-19,156.10,161.40,153.231,157.60,8263100,150.533
2016-01-18,151.10,156.50,151.10,151.80,9135900,144.993
2016-01-15,157.50,158.20,149.90,151.70,12865000,144.897
2016-01-14,158.60,160.40,154.972,158.90,8700600,151.774
2016-01-13,161.00,164.50,159.76,161.20,10142900,153.971
2016-01-12,154.90,162.20,153.50,159.50,9433000,152.347
2016-01-11,154.10,159.49,150.40,155.60,13331800,148.622
2016-01-08,158.80,161.60,155.90,155.90,10209000,148.909
2016-01-07,157.50,159.10,153.60,157.70,12930600,150.628
2016-01-06,165.90,166.25,162.00,163.80,8901600,156.455
2016-01-05,168.60,169.30,164.00,167.80,8160800,160.275
2016-01-04,173.80,173.80,166.80,167.40,9229700,159.893
2015-12-31,177.80,179.70,177.18,178.90,1279900,170.877
2015-12-30,182.40,183.60,180.90,181.10,4604500,172.979
2015-12-29,182.90,183.60,181.409,183.00,4599600,174.794
2015-12-28,181.70,181.70,181.70,181.70,000,173.552
2015-12-25,181.70,181.70,181.70,181.70,000,173.552
2015-12-24,181.10,183.60,180.30,181.70,1253500,173.552
2015-12-23,176.20,179.40,176.20,179.10,5429600,171.068
2015-12-22,174.70,176.70,173.70,174.30,4628000,166.484
2015-12-21,172.60,176.90,171.90,172.60,7433100,164.86
2015-12-18,170.80,174.10,170.80,171.80,16667800,164.096
2015-12-17,173.10,180.00,171.80,171.80,18517900,164.096
2015-12-16,166.00,167.20,164.90,165.00,10011300,157.601
2015-12-15,159.70,171.30,159.60,166.20,25901400,158.747
2015-12-14,169.90,172.30,157.30,157.80,28975700,150.724
2015-12-11,171.50,171.50,154.60,155.70,31786300,148.718
2015-12-10,187.00,187.00,169.80,174.20,29562800,166.388
2015-12-09,194.70,197.00,194.40,195.40,6548800,186.638
2015-12-08,201.00,201.10,193.60,194.80,8303000,186.064
2015-12-07,200.20,202.66,199.20,200.60,5007000,191.604
2015-12-04,199.00,200.80,197.10,199.20,11028900,190.267
2015-12-03,207.10,208.30,200.80,200.80,10970700,191.795
2015-12-02,209.50,209.70,207.50,208.60,5419400,199.246
2015-12-01,210.60,210.60,206.50,208.80,10176400,199.437
2015-11-30,209.20,210.55,207.80,209.00,7441500,199.628
2015-11-27,209.10,210.30,207.40,210.20,5354600,200.774
2015-11-26,210.00,211.70,208.00,210.80,4344400,201.347
2015-11-25,208.40,210.10,207.70,210.00,5790500,200.583
2015-11-24,206.60,207.30,204.00,206.90,5099700,197.622
2015-11-23,205.30,208.40,203.20,207.40,6626500,198.099
2015-11-20,204.40,207.90,203.00,207.00,13737000,197.717
2015-11-19,201.60,202.20,201.00,202.10,10605400,193.037
2015-11-18,198.00,199.70,196.70,199.60,5228400,190.649
2015-11-17,195.10,199.80,195.10,198.90,8674000,189.981
2015-11-16,189.50,192.35,189.50,191.60,7342000,183.008
2015-11-13,194.80,194.90,189.90,191.40,10475400,182.817
2015-11-12,200.90,201.20,195.30,195.70,6978400,186.924
2015-11-11,199.30,201.80,198.30,201.70,7145700,192.655
2015-11-10,203.10,203.10,198.10,199.10,8250700,190.172
2015-11-09,204.50,205.30,201.60,201.60,8030400,192.559
2015-11-06,206.00,207.80,203.80,204.00,10732700,194.852
2015-11-05,212.80,212.80,206.50,206.60,9017700,197.335
2015-11-04,217.60,219.20,213.00,213.00,11615800,203.448
2015-11-03,212.90,214.40,212.40,214.40,3799800,204.785
2015-11-02,210.20,212.60,209.90,212.60,4411800,203.066
2015-10-30,213.20,213.40,210.30,212.30,6199400,202.78
2015-10-29,213.80,214.80,210.90,212.30,5838700,202.78
2015-10-28,210.90,214.80,209.90,214.10,5020400,204.499
2015-10-27,212.50,212.80,210.60,210.60,5660400,201.156
2015-10-26,212.10,215.20,212.10,213.90,4192000,204.308
2015-10-23,210.30,214.50,210.20,212.70,5563900,203.162
2015-10-22,207.00,210.50,206.40,209.50,4784000,200.105
2015-10-21,209.00,209.50,206.70,207.90,4691600,198.577
2015-10-20,210.40,210.60,206.20,208.10,6510100,198.768
2015-10-19,209.30,212.60,208.85,209.80,3350400,200.392
2015-10-16,209.30,210.80,208.30,209.40,5059100,200.01
2015-10-15,206.00,208.00,204.70,206.80,5729300,197.526
2015-10-14,203.60,205.70,202.50,203.60,4740000,194.47
2015-10-13,210.60,210.60,204.30,205.60,6800700,196.38
2015-10-12,210.60,212.80,209.80,210.80,6891400,201.347
2015-10-09,208.60,213.10,208.00,211.00,7891900,201.538
2015-10-08,205.90,208.00,204.50,207.40,5465800,198.099
2015-10-07,205.40,209.70,205.40,207.00,10706800,197.717
2015-10-06,200.80,203.40,200.10,202.30,6258200,193.228
2015-10-05,197.50,201.20,197.352,200.70,8224700,191.70
2015-10-02,191.60,196.20,190.50,193.50,6934200,184.823
2015-10-01,191.10,193.10,190.10,190.40,7676600,181.862
2015-09-30,186.50,189.70,186.30,189.10,9798000,180.62
2015-09-29,181.90,185.30,181.40,182.10,8908400,173.934
2015-09-28,189.60,189.60,184.00,184.10,10411400,175.844
2015-09-25,187.60,191.30,187.10,189.60,8295000,181.098
2015-09-24,189.50,189.80,183.40,184.00,10473700,175.749
2015-09-23,186.50,193.90,185.50,192.20,10061100,181.05
2015-09-22,191.50,193.30,186.10,186.10,7479800,175.304
2015-09-21,192.40,194.80,192.00,192.50,6603500,181.332
2015-09-18,196.10,196.70,190.70,192.80,16620700,181.615
2015-09-17,196.60,200.30,196.20,196.40,10449400,185.006
2015-09-16,192.90,197.50,192.90,196.90,11534000,185.477
2015-09-15,189.30,193.20,188.30,192.30,11514100,181.144
2015-09-14,189.90,191.90,188.60,189.50,10383300,178.506
2015-09-11,191.00,191.80,188.60,189.20,9777300,178.224
2015-09-10,192.00,192.40,188.90,190.30,8162600,179.26
2015-09-09,193.00,196.00,192.70,193.20,7951300,181.992
2015-09-08,186.10,191.20,186.00,188.90,8819300,177.941
2015-09-07,187.10,188.10,183.20,185.50,6814000,174.739
2015-09-04,189.20,189.70,185.80,185.80,10625200,175.021
2015-09-03,191.50,193.00,190.60,191.70,6790700,180.579
2015-09-02,188.10,192.20,186.30,189.40,7444500,178.412
2015-09-01,196.50,197.40,186.70,187.40,11074600,176.528
2015-08-31,200.20,200.20,200.20,200.20,000,188.586
2015-08-28,198.80,200.20,196.40,200.20,9867500,188.586
2015-08-27,197.10,199.70,192.98,198.80,24564300,187.267
2015-08-26,192.20,196.50,190.30,192.30,16418100,181.144
2015-08-25,187.30,195.80,186.80,194.50,13842000,183.216
2015-08-24,190.10,191.30,178.90,184.20,20334100,173.514
2015-08-21,202.10,203.50,196.50,196.50,14639600,185.10
2015-08-20,206.90,208.20,204.30,205.00,9558500,193.107
2015-08-19,213.30,215.00,208.20,208.40,9015700,196.31
2015-08-18,215.50,216.20,213.30,214.00,6858800,201.585
2015-08-17,218.30,218.30,213.30,216.10,5456000,203.563
2015-08-14,221.30,221.70,216.10,217.50,6491100,204.882
2015-08-13,220.50,222.80,219.80,220.40,9261100,207.614
2015-08-12,223.70,228.362,217.00,218.50,13995700,205.824
2015-08-11,228.00,229.20,224.90,224.90,10195100,211.853
2015-08-10,228.80,230.00,225.00,228.90,5510300,215.621
2015-08-07,228.80,228.80,226.80,227.00,7880900,213.831
2015-08-06,215.00,229.80,215.00,229.10,7706400,215.809
2015-08-05,219.00,220.30,217.80,218.50,8419300,205.824
2015-08-04,213.20,219.30,211.60,219.20,9852900,206.483
2015-08-03,211.00,213.90,210.90,213.20,6485100,200.832
2015-07-31,213.90,213.90,210.80,212.10,13551100,199.795
2015-07-30,211.90,213.50,211.20,212.80,7953200,200.455
2015-07-29,210.70,211.90,209.20,211.30,6345300,199.042
2015-07-28,210.10,211.60,209.10,210.00,7807000,197.817
2015-07-27,210.70,212.20,208.40,208.80,7387300,196.687
2015-07-24,215.40,216.20,211.00,211.10,7739000,198.853
2015-07-23,216.30,217.50,214.64,216.30,11254600,203.752
2015-07-22,216.90,219.20,215.20,215.60,6509300,203.092
2015-07-21,219.60,219.90,218.50,219.20,5108600,206.483
2015-07-20,218.60,220.30,218.10,219.20,3509000,206.483
2015-07-17,219.60,219.70,218.10,219.00,5282600,206.295
2015-07-16,217.90,220.00,216.50,219.30,5534800,206.578
2015-07-15,215.70,218.00,215.40,217.20,4297500,204.60
2015-07-14,218.30,218.60,215.30,216.70,5984600,204.129
2015-07-13,217.60,218.20,215.50,218.20,7602100,205.542
2015-07-10,213.00,215.10,212.40,214.60,7409000,202.15
2015-07-09,205.00,210.40,205.00,209.70,6185200,197.535
2015-07-08,199.10,204.50,198.20,204.50,10550600,192.636
2015-07-07,204.80,206.00,199.00,199.00,14294400,187.455
2015-07-06,202.40,204.80,202.40,203.70,6373500,191.883
2015-07-03,204.80,206.60,204.50,204.50,3952800,192.636
2015-07-02,206.00,206.60,204.40,205.70,6127500,193.767
2015-07-01,202.90,207.30,202.20,205.90,10164300,193.955
2015-06-30,202.10,205.40,200.80,201.50,15025200,189.81
2015-06-29,202.60,206.30,200.70,203.60,7651100,191.789
2015-06-26,208.60,210.80,207.60,209.40,7402800,197.252
2015-06-25,209.00,211.40,208.30,209.50,10750200,197.346
2015-06-24,210.30,210.30,207.90,209.20,8432500,197.064
2015-06-23,209.80,210.90,208.80,208.90,7320100,196.781
2015-06-22,206.40,209.10,205.50,208.90,11868900,196.781
2015-06-19,205.00,206.20,203.30,204.50,14600100,192.636
2015-06-18,200.40,204.60,200.30,203.90,12815300,192.071
2015-06-17,203.00,204.70,200.30,201.40,8523800,189.716
2015-06-16,203.60,204.60,201.60,203.20,7485900,191.412
2015-06-15,206.80,207.60,203.80,203.90,6035400,192.071
2015-06-12,210.00,210.70,206.70,207.90,8045400,195.839
2015-06-11,210.80,214.20,210.50,211.60,11093200,199.324
2015-06-10,207.00,212.40,206.60,211.80,12550300,199.513
2015-06-09,208.00,209.00,206.50,207.20,10048600,195.18
2015-06-08,210.60,210.82,208.50,208.60,6971500,196.498
2015-06-05,211.20,211.30,208.60,210.10,9780000,197.911
2015-06-04,213.90,214.00,210.10,211.90,10908200,199.607
2015-06-03,216.00,216.60,212.90,215.10,13704700,202.621
2015-06-02,219.50,219.50,214.00,215.90,11132800,203.375
2015-06-01,222.30,222.80,217.90,218.50,10743100,205.824
2015-05-29,225.40,226.60,220.10,221.10,15306700,208.273
2015-05-28,228.90,229.30,224.70,226.50,8786900,213.36
2015-05-27,233.20,233.20,225.80,229.00,14138400,215.715
2015-05-26,235.20,235.50,229.80,231.00,9158400,217.599
2015-05-25,235.30,235.30,235.30,235.30,000,221.649
2015-05-22,235.40,236.90,234.50,235.30,7015600,221.649
2015-05-21,232.90,234.50,232.90,234.20,8498500,220.613
2015-05-20,234.00,234.10,231.20,233.40,10317600,219.86
2015-05-19,230.80,236.10,230.80,236.10,9469600,222.403
2015-05-18,229.30,231.10,227.80,229.80,9582000,216.469
2015-05-15,231.40,232.40,228.30,229.80,8139100,216.469
2015-05-14,228.00,230.60,227.00,230.50,7944700,217.128
2015-05-13,227.10,228.50,225.90,227.20,6977600,214.019
2015-05-12,231.50,231.50,224.90,226.60,10634300,213.454
2015-05-11,233.10,234.70,232.20,232.70,6755700,219.20
2015-05-08,231.60,234.10,229.20,234.10,11557000,220.519
2015-05-07,229.70,229.70,224.40,228.90,12947200,215.621
2015-05-06,229.70,232.40,229.30,230.00,9460900,216.657
2015-05-05,234.60,235.20,230.70,230.70,11369700,217.316
2015-05-04,233.00,233.00,233.00,233.00,000,219.483
2015-05-01,233.90,234.90,229.20,233.00,5874300,219.483
2015-04-30,232.40,234.90,231.50,234.90,13482300,221.273
2015-04-29,233.70,235.90,231.90,232.80,15952700,219.295
2015-04-28,229.60,232.00,227.80,232.00,18522500,218.541
2015-04-27,231.10,231.70,227.30,230.40,9297900,217.034
2015-04-24,230.80,232.30,230.20,231.00,10868900,217.599
2015-04-23,231.20,232.00,225.00,231.10,11436700,217.693
2015-04-22,239.60,240.80,234.40,237.50,13133000,217.834
2015-04-21,239.30,240.20,237.00,238.50,9890700,218.752
2015-04-20,237.20,239.328,235.80,236.70,8607900,217.101
2015-04-17,239.80,240.30,235.60,236.40,13688500,216.826
2015-04-16,237.90,241.60,236.60,240.30,24208200,220.403
2015-04-15,236.00,237.40,232.00,236.10,21841300,216.55
2015-04-14,234.20,236.40,234.20,235.40,5904100,215.908
2015-04-13,236.80,237.20,234.40,235.30,5461500,215.817
2015-04-10,236.00,237.128,234.40,236.80,8608600,217.192
2015-04-09,234.50,235.80,233.60,235.40,5906700,215.908
2015-04-08,231.50,234.60,231.40,232.50,7803000,213.248
2015-04-07,228.40,233.50,228.00,232.20,7611500,212.973
2015-04-06,227.40,227.40,227.40,227.40,000,208.571
2015-04-03,227.40,227.40,227.40,227.40,000,208.571
2015-04-02,224.80,228.036,224.70,227.40,7273500,208.571
2015-04-01,222.00,226.00,221.93,225.20,8623100,206.553
2015-03-31,227.10,228.40,221.90,222.10,10694100,203.71
2015-03-30,227.20,228.00,225.70,227.00,8621100,208.204
2015-03-27,228.00,228.00,224.40,224.70,8255200,206.094
2015-03-26,231.70,231.745,226.30,227.90,12377100,209.029
2015-03-25,234.80,235.60,233.20,233.30,5146300,213.982
2015-03-24,231.20,236.30,230.60,234.80,9718700,215.358
2015-03-23,230.00,231.50,229.40,231.20,4112600,212.056
2015-03-20,231.00,232.20,228.40,231.70,9501200,212.515
2015-03-19,230.50,233.90,228.40,230.20,10876700,211.139
2015-03-18,226.20,229.80,225.90,229.50,6579500,210.497
2015-03-17,227.80,228.70,224.70,226.20,6067400,207.47
2015-03-16,223.00,227.40,223.00,227.00,6387100,208.204
2015-03-13,224.60,225.50,220.70,222.40,8317200,203.985
2015-03-12,221.70,225.90,221.60,223.60,10063600,205.085
2015-03-11,219.30,220.90,217.90,220.20,11305900,201.967
2015-03-10,223.40,224.90,217.70,217.80,11205700,199.766
2015-03-09,225.20,226.00,224.642,225.70,6345900,207.011
2015-03-06,226.70,228.10,225.90,227.10,8045500,208.296
2015-03-05,225.10,228.536,225.00,226.80,8843100,208.02
2015-03-04,223.20,223.90,221.20,223.90,8611700,205.361
2015-03-03,224.40,225.70,222.30,222.30,8251200,203.893
2015-03-02,225.20,227.00,223.50,224.70,7613800,206.094
2015-02-27,224.90,226.50,224.20,225.10,11081400,206.461
2015-02-26,221.90,223.30,220.20,223.20,7747900,204.718
2015-02-25,222.00,223.823,220.865,222.10,6748500,203.71
2015-02-24,219.40,221.80,218.30,221.50,6224600,203.159
2015-02-23,219.00,220.10,217.80,220.10,5820200,201.875
2015-02-20,218.10,219.333,217.00,218.30,6740200,200.224
2015-02-19,217.40,218.80,215.80,218.40,6232800,200.316
2015-02-18,218.10,219.30,216.30,217.60,5314800,199.582
2015-02-17,215.40,218.10,214.60,217.10,7143200,199.124
2015-02-16,216.10,217.20,215.60,216.50,3583200,198.573
2015-02-13,215.30,216.70,214.50,216.00,6410100,198.115
2015-02-12,215.40,217.90,213.90,215.50,10228800,197.656
2015-02-11,215.10,216.50,214.30,216.00,10118400,198.115
2015-02-10,213.60,216.30,213.40,215.50,7629300,197.656
2015-02-09,213.80,214.00,211.40,213.30,4871200,195.638
2015-02-06,214.00,215.40,213.60,214.30,5171300,196.555
2015-02-05,211.50,214.20,211.40,214.00,5738800,196.28
2015-02-04,213.20,214.50,210.90,212.90,12213700,195.271
2015-02-03,209.80,214.90,209.00,213.70,11324300,196.005
2015-02-02,208.60,209.80,206.30,209.80,8029700,192.428
2015-01-30,209.90,210.584,207.775,208.20,8460400,190.961
2015-01-29,207.00,209.70,206.20,209.70,6785300,192.336
2015-01-28,206.50,208.60,205.20,208.60,7938700,191.327
2015-01-27,206.30,206.70,202.70,204.80,8081600,187.842
2015-01-26,203.50,206.10,203.20,206.00,4590400,188.943
2015-01-23,203.80,205.90,203.50,204.60,7625600,187.659
2015-01-22,198.70,202.50,198.20,202.50,9422700,185.733
2015-01-21,194.50,198.10,194.00,198.10,7763400,181.697
2015-01-20,195.20,195.95,193.20,194.40,7429800,178.303
2015-01-19,191.90,194.80,190.70,193.60,5167400,177.569
2015-01-16,189.90,191.80,189.10,191.70,8382200,175.827
2015-01-15,188.70,191.50,183.60,191.40,12856300,175.552
2015-01-14,188.90,190.80,187.30,187.30,12322100,171.791
2015-01-13,190.60,194.40,190.60,192.70,8677400,176.744
2015-01-12,189.90,192.00,189.20,190.80,8884000,175.001
2015-01-09,192.40,192.90,187.90,189.10,8930000,173.442
2015-01-08,189.00,193.70,188.40,193.40,9230400,177.386
2015-01-07,186.40,188.128,185.00,186.50,13569200,171.057
2015-01-06,183.90,188.20,183.70,185.10,12085000,169.773
2015-01-05,189.40,191.60,183.70,183.90,10154400,168.673
2015-01-02,191.50,191.60,188.60,189.80,6033800,174.084
2015-01-01,190.50,190.50,190.50,190.50,000,174.726
2014-12-31,191.90,192.80,190.30,190.50,2206400,174.726
2014-12-30,191.30,191.90,188.30,188.80,4442500,173.167
2014-12-29,192.30,193.40,190.70,192.80,5956100,176.836
2014-12-26,190.20,190.20,190.20,190.20,000,174.451
2014-12-25,190.20,190.20,190.20,190.20,000,174.451
2014-12-24,192.60,192.90,189.70,190.20,1259900,174.451
2014-12-23,190.70,192.20,190.20,191.60,5345100,175.735
2014-12-22,188.80,191.00,188.60,189.90,6419900,174.176
2014-12-19,190.40,190.40,184.80,188.30,22130100,172.708
2014-12-18,183.40,190.20,182.90,189.90,18388100,174.176
2014-12-17,177.90,180.50,177.10,179.70,9339900,164.82
2014-12-16,176.90,180.10,174.90,180.10,10874900,165.187
2014-12-15,181.20,183.80,176.40,176.40,12750100,161.794
2014-12-12,185.50,185.50,180.50,180.60,10242700,165.646
2014-12-11,188.00,189.80,186.40,186.50,12024000,171.057
2014-12-10,190.00,190.70,187.40,187.40,13307100,171.883
2014-12-09,193.00,193.00,189.60,189.60,10974900,173.901
2014-12-08,196.40,196.80,193.90,195.10,6576100,178.945
2014-12-05,198.10,198.40,197.20,197.60,10749100,181.238
2014-12-04,197.70,201.70,196.40,196.50,8243500,180.229
2014-12-03,198.00,198.80,197.00,197.00,8435400,180.688
2014-12-02,195.80,199.00,195.205,198.20,10542100,181.789
2014-12-01,199.80,199.80,194.60,194.80,12427800,178.67
2014-11-28,201.10,201.90,200.10,200.30,9140300,183.715
2014-11-27,199.20,201.20,198.60,200.40,5685800,183.806
2014-11-26,200.40,201.70,199.00,199.40,10881500,182.889
2014-11-25,200.80,201.70,199.10,199.80,12103800,183.256
2014-11-24,202.40,204.30,200.80,201.10,10347800,184.448
2014-11-21,199.60,203.20,199.10,201.40,16126600,184.724
2014-11-20,200.10,200.60,197.60,198.70,7673700,182.247
2014-11-19,201.40,201.50,199.30,200.10,8306300,183.531
2014-11-18,199.00,200.70,198.40,200.30,7621900,183.715
2014-11-17,197.60,199.40,197.50,198.50,7573600,182.064
2014-11-14,196.90,198.50,195.90,198.30,8303400,181.88
2014-11-13,196.20,197.60,195.70,196.50,9726900,180.229
2014-11-12,196.40,197.10,194.70,195.30,12938900,179.129
2014-11-11,195.40,197.50,195.40,197.10,8056400,180.78
2014-11-10,193.50,196.00,193.20,195.90,10877200,179.679
2014-11-07,193.50,194.121,191.80,192.70,11570300,176.744
2014-11-06,191.80,194.00,191.30,192.80,12612800,176.836
2014-11-05,192.00,193.30,190.90,192.40,13946100,176.469
2014-11-04,191.90,194.30,191.10,192.00,8092900,176.102
2014-11-03,193.20,194.06,191.564,191.70,9813200,175.827
2014-10-31,194.60,195.028,192.90,193.50,16638000,177.478
2014-10-30,191.00,191.30,188.60,191.10,12071100,175.276
2014-10-29,188.00,191.20,187.80,190.00,18630500,174.268
2014-10-28,184.60,187.30,184.50,186.00,17350100,170.599
2014-10-27,186.90,187.228,183.30,184.10,14743100,168.856
2014-10-24,182.60,185.20,182.60,184.70,17258700,169.406
2014-10-23,181.00,184.60,179.70,183.50,17681200,168.306
2014-10-22,178.20,183.20,178.00,181.90,17738100,166.838
2014-10-21,172.60,178.90,172.10,178.00,19201800,163.261
2014-10-20,173.90,176.10,172.50,172.70,11782500,158.40
2014-10-17,169.40,174.858,168.40,174.60,24615000,160.143
2014-10-16,170.60,172.10,163.80,169.50,26043100,155.465
2014-10-15,175.30,176.60,169.30,169.50,20086100,155.465
2014-10-14,171.80,175.70,171.80,175.10,16303700,160.601
2014-10-13,169.00,174.90,168.90,173.30,19973900,158.95
2014-10-10,173.70,174.20,170.80,170.80,13786600,156.657
2014-10-09,178.80,180.70,175.20,175.80,17504800,161.243
2014-10-08,176.30,177.60,175.00,176.90,15186600,162.252
2014-10-07,180.70,180.80,176.90,176.90,10433800,162.252
2014-10-06,177.50,182.60,177.40,181.20,15331100,166.196
2014-10-03,178.70,179.20,176.80,177.40,9494100,162.711
2014-10-02,180.00,181.10,177.60,177.60,11544400,162.894
2014-10-01,181.50,182.60,180.10,180.40,12391600,165.462
2014-09-30,182.50,182.90,180.164,181.70,18587100,166.655
2014-09-29,183.90,184.00,181.50,182.50,13856900,167.389
2014-09-26,183.90,184.70,182.20,184.00,9245000,168.764
2014-09-25,187.40,188.70,183.20,183.80,12468100,168.581
2014-09-24,185.60,188.00,184.50,187.80,7051100,172.25
2014-09-23,192.90,192.90,187.60,188.50,12733800,170.645
2014-09-22,193.30,194.20,191.60,192.20,9986300,173.994
2014-09-19,196.90,196.90,193.70,193.70,23087800,175.352
2014-09-18,193.40,195.90,193.10,194.40,8977600,175.986
2014-09-17,192.00,193.90,190.70,193.00,9951100,174.718
2014-09-16,191.50,191.80,190.475,191.10,22192800,172.998
2014-09-15,193.00,193.50,191.30,191.50,14538400,173.36
2014-09-12,197.10,197.10,193.70,194.00,17601700,175.624
2014-09-11,199.00,199.30,195.80,196.40,8962900,177.796
2014-09-10,198.40,199.208,196.30,198.20,12577700,179.426
2014-09-09,200.20,201.30,198.60,199.40,11228400,180.512
2014-09-08,204.20,204.90,200.60,200.80,13046400,181.78
2014-09-05,206.50,206.50,203.845,204.90,5755900,185.491
2014-09-04,203.80,206.80,203.284,206.20,9054900,186.668
2014-09-03,203.00,205.20,202.60,203.80,12626400,184.495
2014-09-02,199.70,202.70,199.416,202.60,11515800,183.409
2014-09-01,198.50,199.275,197.30,198.90,6614500,180.059
2014-08-29,199.20,199.265,197.50,198.90,10239700,180.059
2014-08-28,201.00,201.60,198.80,198.80,7997500,179.969
2014-08-27,199.40,201.40,199.00,200.90,9158700,181.87
2014-08-26,197.10,199.30,196.90,199.20,10190700,180.331
2014-08-25,196.40,196.40,196.40,196.40,000,177.796
2014-08-22,197.00,197.70,195.20,196.40,11073900,177.796
2014-08-21,194.00,197.70,193.30,196.60,7682900,177.977
2014-08-20,196.20,196.20,192.60,194.00,8061400,175.624
2014-08-19,196.30,197.70,195.60,196.60,6534800,177.977
2014-08-18,194.90,196.20,194.40,195.70,6637500,177.163
2014-08-15,194.50,197.00,193.60,193.60,9545800,175.262
2014-08-14,192.40,195.30,191.90,194.40,6931400,175.986
2014-08-13,192.20,194.20,191.90,192.80,10541200,174.537
2014-08-12,191.00,192.70,190.40,191.10,9608100,172.998
2014-08-11,189.80,192.013,189.40,191.50,8015100,173.36
2014-08-08,188.70,189.413,186.20,188.80,11432500,170.916
2014-08-07,193.20,193.20,186.30,190.60,14561700,172.546
2014-08-06,194.20,194.70,192.60,193.90,12449700,175.533
2014-08-05,195.00,198.50,194.60,195.40,9401600,176.891
2014-08-04,194.90,196.30,193.60,194.30,9562000,175.895
2014-08-01,195.80,195.80,192.20,194.30,9765400,175.895
2014-07-31,197.50,197.60,195.10,195.80,8752700,177.253
2014-07-30,199.60,200.00,196.964,197.80,6451900,179.064
2014-07-29,200.10,200.90,199.35,199.60,6885200,180.693
2014-07-28,202.00,202.20,199.10,200.10,6267600,181.146
2014-07-25,201.50,202.528,200.90,201.30,5097300,182.232
2014-07-24,200.20,202.30,198.80,202.20,8654400,183.047
2014-07-23,199.40,200.70,199.40,200.10,6173300,181.146
2014-07-22,199.00,200.10,198.30,199.50,8138800,180.603
2014-07-21,199.50,199.50,197.60,198.20,4679500,179.426
2014-07-18,200.40,200.40,197.10,199.60,7885100,180.693
2014-07-17,202.60,202.60,199.80,201.00,7439900,181.961
2014-07-16,201.00,204.20,200.293,203.00,8610300,183.771
2014-07-15,200.50,200.80,198.30,200.00,9598900,181.055
2014-07-14,197.20,200.00,197.00,199.30,5795800,180.422
2014-07-11,196.20,197.50,195.30,196.80,7915200,178.158
2014-07-10,197.40,198.163,193.80,195.60,8058200,177.072
2014-07-09,199.10,199.10,196.40,197.70,7672300,178.973
2014-07-08,201.20,201.20,198.962,199.20,9173800,180.331
2014-07-07,200.90,201.10,199.70,200.40,6737600,181.417
2014-07-04,200.50,201.369,199.50,200.80,4414200,181.78
2014-07-03,199.60,201.10,198.60,200.30,9579600,181.327
2014-07-02,200.00,201.00,198.90,199.80,6897400,180.874
2014-07-01,197.90,200.634,197.90,200.10,7669300,181.146
2014-06-30,196.00,198.50,195.30,197.70,8472500,178.973
2014-06-27,195.60,196.30,194.50,196.00,3673400,177.434
2014-06-26,194.70,195.70,193.50,195.00,5522300,176.529
2014-06-25,194.00,195.20,193.80,193.80,6594400,175.443
2014-06-24,195.80,195.90,193.50,194.90,6168700,176.438
2014-06-23,195.20,196.50,193.60,194.90,4094300,176.438
2014-06-20,195.80,196.90,195.50,195.50,6851900,176.982
2014-06-19,198.10,198.50,196.80,196.80,7041200,178.158
2014-06-18,195.90,197.70,195.40,196.40,6097400,177.796
2014-06-17,193.60,196.20,193.40,195.50,10855200,176.982
2014-06-16,196.10,196.60,193.20,193.40,7594800,175.08
2014-06-13,199.40,199.40,194.70,196.00,7153300,177.434
2014-06-12,200.60,201.00,199.20,199.80,4898400,180.874
2014-06-11,201.80,202.10,199.964,200.10,6769700,181.146
2014-06-10,204.60,204.60,200.90,202.10,8638800,182.956
2014-06-09,206.00,206.00,203.70,204.50,4099100,185.129
2014-06-06,202.30,205.80,202.30,205.20,5375200,185.763
2014-06-05,199.20,203.30,198.70,202.10,7719300,182.956
2014-06-04,199.00,200.30,198.438,199.20,5502600,180.331
2014-06-03,201.30,201.60,198.60,198.80,6066800,179.969
2014-06-02,202.60,202.80,200.10,201.60,8339600,182.504
2014-05-30,203.00,204.40,201.99,202.00,9535500,182.866
2014-05-29,203.10,204.90,203.10,203.90,2629300,184.586
2014-05-28,202.40,203.90,202.00,203.70,6073500,184.405
2014-05-27,203.60,203.90,202.50,203.00,6574300,183.771
2014-05-26,202.10,202.10,202.10,202.10,000,182.956
2014-05-23,202.00,202.50,200.70,202.10,3571900,182.956
2014-05-22,200.60,201.80,199.20,201.20,5565100,182.142
2014-05-21,198.80,201.10,198.30,200.90,5267900,181.87
2014-05-20,201.50,201.50,198.40,198.60,8396500,179.788
2014-05-19,201.00,201.90,199.50,200.70,4848100,181.689
2014-05-16,199.10,206.20,197.80,200.00,8396700,181.055
2014-05-15,208.90,208.90,198.70,199.10,16121700,180.241
2014-05-14,208.20,211.20,208.20,209.40,6792600,189.565
2014-05-13,208.20,209.10,207.40,208.20,5456200,188.479
2014-05-12,206.10,207.20,204.50,207.00,6465100,187.392
2014-05-09,206.10,207.15,204.70,205.80,7356700,186.306
2014-05-08,203.70,211.521,203.70,208.00,9858400,188.298
2014-05-07,203.50,204.50,202.40,203.10,5688100,183.862
2014-05-06,204.20,204.60,202.40,203.80,7621500,184.495
2014-05-05,202.60,202.60,202.60,202.60,000,183.409
2014-05-02,200.60,203.60,200.20,202.60,12270600,183.409
2014-05-01,200.10,201.00,198.90,200.50,2719300,181.508
2014-04-30,197.10,203.668,197.10,199.70,11348700,180.784
2014-04-29,194.90,202.001,194.90,197.90,13047400,179.154
2014-04-28,195.10,201.34,193.90,195.20,5188000,176.71
2014-04-25,195.50,196.00,193.90,194.60,9333400,176.167
2014-04-24,197.00,197.80,194.10,195.50,10760700,176.982
2014-04-23,198.00,198.50,195.80,196.00,8656600,177.434
2014-04-22,201.60,204.50,198.90,204.00,16584100,179.245
2014-04-21,201.20,201.20,201.20,201.20,000,176.785
2014-04-18,201.20,201.20,201.20,201.20,000,176.785
2014-04-17,198.20,202.10,197.00,201.20,7639800,176.785
2014-04-16,198.60,199.30,196.80,197.30,7203300,173.358
2014-04-15,199.30,199.60,196.40,197.10,8142300,173.182
2014-04-14,198.00,199.10,195.50,198.90,9033200,174.764
2014-04-11,200.00,200.70,197.30,199.00,15215200,174.851
2014-04-10,202.00,203.275,199.30,201.60,11255000,177.136
2014-04-09,200.20,201.90,199.30,200.80,7974000,176.433
2014-04-08,202.10,203.20,198.50,199.60,10313200,175.379
2014-04-07,203.00,204.47,201.80,202.60,6312200,178.015
2014-04-04,201.10,206.20,201.10,205.20,9020400,180.299
2014-04-03,202.10,202.80,200.40,201.20,8188100,176.785
2014-04-02,203.50,203.746,201.50,202.60,7503100,178.015
2014-04-01,201.90,203.90,201.50,203.30,5842700,178.63
2014-03-31,201.50,202.50,200.50,201.10,21779500,176.697
2014-03-28,202.40,202.70,198.00,200.50,11635100,176.169
2014-03-27,199.40,201.50,199.10,201.20,10542900,176.785
2014-03-26,198.60,200.50,197.95,200.00,11582400,175.73
2014-03-25,193.50,198.20,193.50,197.80,10627800,173.797
2014-03-24,194.20,194.50,191.90,192.50,7490700,169.14
2014-03-21,191.60,195.20,191.40,194.20,23614800,170.634
2014-03-20,190.90,192.20,189.80,191.30,15766100,168.086
2014-03-19,191.80,195.10,191.20,192.90,11850100,169.492
2014-03-18,189.20,192.70,188.30,191.80,13088400,168.525
2014-03-17,188.50,191.50,188.363,189.90,7758900,166.856
2014-03-14,189.00,190.40,187.60,187.90,8438600,165.098
2014-03-13,192.60,192.80,189.80,189.80,11701500,166.768
2014-03-12,193.20,193.60,190.20,191.60,14394300,168.349
2014-03-11,195.60,195.60,191.20,193.80,12090500,170.283
2014-03-10,196.40,198.10,194.50,195.60,9878600,171.864
2014-03-07,199.40,200.00,196.90,196.90,10601500,173.006
2014-03-06,197.30,200.20,197.00,198.90,10815000,174.764
2014-03-05,195.70,197.00,194.80,196.60,9207700,172.743
2014-03-04,196.50,196.50,193.10,196.30,9899800,172.479
2014-03-03,193.80,195.50,191.70,194.70,14181300,171.073
2014-02-28,190.00,198.50,190.00,197.10,16669300,173.182
2014-02-27,186.20,186.50,183.60,186.20,7946300,163.605
2014-02-26,187.40,188.50,185.90,186.70,10977600,164.044
2014-02-25,187.60,187.80,185.55,187.00,17662800,164.308
2014-02-24,184.30,187.10,183.10,187.10,10137400,164.396
2014-02-21,184.60,185.00,182.00,183.80,11893600,161.496
2014-02-20,182.00,184.10,180.60,184.10,7750700,161.76
2014-02-19,183.60,184.60,182.40,184.40,6386800,162.023
2014-02-18,183.80,184.90,181.20,184.40,8085400,162.023
2014-02-17,181.80,185.00,181.80,184.00,6698800,161.672
2014-02-14,180.30,182.30,180.30,182.00,5703600,159.914
2014-02-13,181.50,182.20,178.90,180.60,13335100,158.684
2014-02-12,181.40,184.10,181.40,182.20,11332100,160.09
2014-02-11,178.80,181.10,178.80,181.10,15618400,159.124
2014-02-10,177.20,178.268,175.90,178.00,8351400,156.40
2014-02-07,176.60,178.40,175.40,177.10,11963200,155.609
2014-02-06,174.80,176.60,172.30,175.70,11855700,154.379
2014-02-05,171.90,174.60,170.60,173.90,11004900,152.797
2014-02-04,169.40,174.00,168.10,172.50,19307900,151.567
2014-02-03,172.80,174.368,170.50,171.10,12130500,150.337
2014-01-31,173.10,173.10,168.70,172.50,10846300,151.567
2014-01-30,175.10,175.10,170.90,173.90,19988100,152.797
2014-01-29,182.10,183.30,173.10,176.10,19090800,154.73
2014-01-28,179.60,181.30,178.70,180.10,10210200,158.245
2014-01-27,182.20,182.90,178.10,179.00,14164700,157.278
2014-01-24,188.30,189.00,183.30,183.40,17368800,161.145
2014-01-23,191.50,191.50,187.20,187.80,9833100,165.011
2014-01-22,194.10,195.00,192.30,192.40,6062000,169.052
2014-01-21,192.90,194.90,192.40,194.20,16024400,170.634
2014-01-20,191.70,193.00,190.50,192.60,4553700,169.228
2014-01-17,193.80,194.20,190.30,191.90,17066700,168.613
2014-01-16,195.40,195.40,192.60,193.40,8819000,169.931
2014-01-15,195.30,196.55,194.80,195.70,9828000,171.952
2014-01-14,193.10,195.50,191.50,195.30,10308500,171.60
2014-01-13,194.60,196.10,193.10,195.50,8046500,171.776
2014-01-10,190.90,195.50,190.90,193.90,9048600,170.37
2014-01-09,191.20,191.90,189.10,189.40,9075300,166.416
2014-01-08,193.50,193.92,190.80,191.90,6882800,168.613
2014-01-07,191.00,194.00,190.70,193.30,9239800,169.843
2014-01-06,189.00,191.00,188.30,189.80,10709100,166.768
2014-01-03,189.50,190.60,188.50,189.60,4555500,166.592
2014-01-02,189.40,190.90,187.70,189.70,6780400,166.68
2014-01-01,189.10,189.10,189.10,189.10,000,166.153
2013-12-31,190.50,191.30,187.70,189.10,3493800,166.153
2013-12-30,191.20,192.30,189.70,190.50,5486100,167.383
2013-12-27,192.20,193.00,190.50,191.40,4881000,168.174
2013-12-26,192.80,192.80,192.80,192.80,000,169.404
2013-12-25,192.80,192.80,192.80,192.80,000,169.404
2013-12-24,190.50,193.00,190.50,192.80,1194500,169.404
2013-12-23,187.70,190.90,187.70,190.80,4655200,167.647
2013-12-20,187.20,188.40,185.00,187.70,14229500,164.923
2013-12-19,187.10,189.00,185.90,186.50,9378000,163.868
2013-12-18,184.20,187.00,184.00,184.70,7501200,162.287
2013-12-17,183.80,185.80,183.70,184.10,6993100,161.76
2013-12-16,181.10,185.60,181.10,184.80,5287800,162.375
2013-12-13,181.50,183.70,181.30,182.20,6829000,160.09
2013-12-12,184.40,184.50,181.372,182.60,9325200,160.442
2013-12-11,185.70,187.10,185.10,185.40,7032100,162.902
2013-12-10,186.60,188.60,186.344,187.00,3893700,164.308
2013-12-09,188.80,189.856,186.60,187.30,7791200,164.571
2013-12-06,186.70,190.20,186.50,188.70,7007700,165.801
2013-12-05,185.70,189.10,185.70,187.20,12222600,164.483
2013-12-04,189.50,190.968,188.60,189.40,15306800,166.416
2013-12-03,194.80,194.80,188.164,189.20,17845000,166.241
2013-12-02,199.70,199.70,196.10,196.20,7075200,172.391
2013-11-29,199.40,200.60,198.70,199.10,14139600,174.939
2013-11-28,195.60,200.00,195.00,199.40,18377300,175.203
2013-11-27,193.50,195.60,193.50,194.00,7992300,170.458
2013-11-26,198.60,198.60,193.90,194.00,11441700,170.458
2013-11-25,199.50,200.60,198.60,199.20,4875200,175.027
2013-11-22,198.50,198.90,195.90,198.20,5577400,174.149
2013-11-21,197.00,198.437,196.50,198.20,5513600,174.149
2013-11-20,197.60,200.40,197.50,199.30,6679100,175.115
2013-11-19,198.90,199.60,197.40,198.50,5557400,174.412
2013-11-18,197.40,201.30,197.00,200.50,13978600,176.169
2013-11-15,198.30,200.80,197.80,199.30,7862900,175.115
2013-11-14,200.30,200.60,195.50,197.30,11973300,173.358
2013-11-13,199.90,201.20,196.00,197.40,9313700,173.446
2013-11-12,199.50,201.10,197.80,200.50,8357400,176.169
2013-11-11,201.00,201.00,198.30,199.50,11447700,175.291
2013-11-08,200.10,200.856,197.90,200.00,10794700,175.73
2013-11-07,203.80,204.20,200.80,201.40,10310900,176.96
2013-11-06,203.90,205.50,198.609,204.20,12163600,179.42
2013-11-05,203.80,203.80,197.50,199.60,7774300,175.379
2013-11-04,203.00,204.20,201.60,202.70,5276300,178.102
2013-11-01,204.40,204.70,200.40,201.20,7398000,176.785
2013-10-31,203.70,204.90,201.80,203.60,8750800,178.893
2013-10-30,204.60,205.40,201.90,202.70,6322500,178.102
2013-10-29,205.40,205.40,203.80,204.80,6521800,179.948
2013-10-28,204.80,206.10,203.80,204.80,5950000,179.948
2013-10-25,202.90,204.70,202.90,204.60,4565600,179.772
2013-10-24,202.70,205.40,202.40,203.90,5632900,179.157
2013-10-23,202.30,202.40,200.50,202.40,4022800,177.839
2013-10-22,199.40,202.40,198.80,202.40,7208300,177.839
2013-10-21,201.00,201.00,198.80,200.40,5981800,176.082
2013-10-18,197.90,201.20,196.00,200.50,9063800,176.169
2013-10-17,195.80,197.40,195.10,197.20,7172500,173.27
2013-10-16,195.20,198.40,194.50,197.20,8400300,173.27
2013-10-15,192.00,196.50,191.605,196.10,11819600,172.303
2013-10-14,189.40,191.40,188.90,191.00,5772400,167.822
2013-10-11,190.10,191.80,189.50,190.40,10196000,167.295
2013-10-10,184.20,190.10,184.10,189.90,11694300,166.856
2013-10-09,183.80,185.50,183.40,184.20,6392800,161.847
2013-10-08,187.30,187.60,184.60,184.60,7738600,162.199
2013-10-07,186.70,188.10,185.90,187.90,4504700,165.098
2013-10-04,186.50,188.90,186.50,187.70,5276400,164.923
2013-10-03,184.80,187.875,184.80,186.70,7006200,164.044
2013-10-02,186.00,186.70,183.70,186.00,17675300,163.429
2013-10-01,187.50,187.90,186.00,187.10,6702000,164.396
2013-09-30,185.70,187.60,184.70,187.60,7262100,164.835
2013-09-27,191.40,191.40,187.00,188.00,9466100,165.186
2013-09-26,191.70,192.30,189.00,190.70,5404700,167.559
2013-09-25,190.60,192.30,189.50,190.50,5865000,167.383
2013-09-24,192.90,194.60,192.20,193.80,3176800,168.232
2013-09-23,192.70,193.20,191.40,193.00,5398600,167.538
2013-09-20,194.60,195.00,191.80,191.90,8666100,166.583
2013-09-19,194.00,198.00,194.00,195.60,7826700,169.795
2013-09-18,191.80,193.00,189.60,191.30,5451600,166.062
2013-09-17,191.70,193.60,191.10,192.00,6780500,166.67
2013-09-16,195.10,195.10,191.90,192.40,4516600,167.017
2013-09-13,191.70,192.60,190.20,191.80,3808800,166.496
2013-09-12,191.10,192.80,189.20,192.20,6070900,166.843
2013-09-11,190.40,191.40,189.50,191.40,5122900,166.149
2013-09-10,190.00,191.70,188.60,191.00,6989700,165.802
2013-09-09,187.00,188.10,185.40,187.80,7238100,163.024
2013-09-06,184.00,186.44,182.40,186.00,7938600,161.461
2013-09-05,183.10,185.80,181.60,184.70,6097400,160.333
2013-09-04,183.00,184.20,179.80,182.70,6537100,158.597
2013-09-03,184.10,185.00,181.70,182.60,7106300,158.51
2013-09-02,182.40,185.70,182.40,183.90,5271300,159.638
2013-08-30,184.10,185.50,181.00,181.00,10309900,157.121
2013-08-29,183.40,185.20,182.60,184.20,7817600,159.899
2013-08-28,183.50,184.40,181.90,183.00,8142900,158.857
2013-08-27,191.90,191.90,184.40,184.40,9809700,160.072
2013-08-26,189.10,189.10,189.10,189.10,000,164.152
2013-08-23,187.80,190.80,186.20,189.10,5950300,164.152
2013-08-22,187.10,189.50,186.70,187.10,8715600,162.416
2013-08-21,192.10,192.70,187.70,187.70,8359800,162.937
2013-08-20,192.00,192.70,190.20,191.90,7419000,166.583
2013-08-19,198.40,198.50,193.20,194.00,7101700,168.406
2013-08-16,193.90,198.10,193.90,197.50,8590800,171.444
2013-08-15,198.50,202.30,194.20,194.80,7764300,169.10
2013-08-14,196.10,200.00,196.10,198.00,10871200,171.878
2013-08-13,192.00,198.50,192.00,196.10,11359900,170.229
2013-08-12,203.60,204.70,200.337,201.30,8231100,174.743
2013-08-09,202.80,204.10,200.10,202.30,5944600,175.611
2013-08-08,202.00,206.20,198.40,203.00,13071000,176.219
2013-08-07,190.70,203.80,190.70,198.10,15318200,171.965
2013-08-06,194.20,197.00,190.40,192.50,12184900,167.104
2013-08-05,195.30,197.80,193.00,194.70,4742300,169.014
2013-08-02,198.60,198.60,194.588,195.20,6745500,169.448
2013-08-01,195.10,198.20,194.30,198.10,5204800,171.965
2013-07-31,193.50,195.50,192.40,194.20,8753900,168.58
2013-07-30,192.80,194.20,191.90,192.70,5232300,167.277
2013-07-29,191.50,193.40,190.60,191.70,11319500,166.409
2013-07-26,194.60,194.60,190.80,191.30,5231100,166.062
2013-07-25,196.60,196.90,191.50,193.50,10474600,167.972
2013-07-24,198.00,200.10,194.90,197.20,7593600,171.184
2013-07-23,198.90,200.20,197.461,198.10,6554700,171.965
2013-07-22,198.10,198.40,195.90,197.10,4526700,171.097
2013-07-19,197.90,198.20,195.80,197.30,11635900,171.271
2013-07-18,198.20,199.30,197.00,199.00,7520300,172.746
2013-07-17,195.00,200.10,193.30,199.00,9484700,172.746
2013-07-16,198.20,199.10,194.10,194.80,6392100,169.10
2013-07-15,196.60,199.467,196.00,198.20,4590400,172.052
2013-07-12,196.50,197.90,195.90,196.30,4977500,170.403
2013-07-11,199.30,199.30,194.80,195.90,8573600,170.055
2013-07-10,192.70,195.90,191.00,192.70,7014900,167.277
2013-07-09,192.30,195.80,192.10,193.70,11471200,168.146
2013-07-08,188.00,191.80,187.00,190.20,9566800,165.107
2013-07-05,189.00,193.20,185.90,186.60,9127800,161.982
2013-07-04,183.10,189.90,181.70,188.90,10934500,163.979
2013-07-03,182.00,182.10,177.90,181.00,13493600,157.121
2013-07-02,185.60,185.80,181.90,184.30,6598000,159.986
2013-07-01,182.80,186.40,180.20,185.60,10005800,161.114
2013-06-28,180.30,182.60,179.40,180.70,16475700,156.861
2013-06-27,177.30,180.20,175.50,179.50,9452500,155.819
2013-06-26,173.50,178.20,172.70,176.90,13798400,153.562
2013-06-25,171.90,175.30,171.70,173.60,9270100,150.697
2013-06-24,173.20,174.10,169.30,170.80,7953700,148.267
2013-06-21,177.40,179.70,174.00,174.00,17067100,151.045
2013-06-20,183.30,183.30,176.00,177.10,9826500,153.736
2013-06-19,186.30,187.20,183.50,186.20,6317200,161.635
2013-06-18,185.50,188.80,184.50,187.10,6952600,162.416
2013-06-17,185.50,187.40,184.10,185.50,6174500,161.027
2013-06-14,184.50,186.20,183.30,184.80,10447600,160.42
2013-06-13,181.20,183.60,178.40,183.00,21153900,158.857
2013-06-12,184.90,187.20,184.00,184.20,10607300,159.899
2013-06-11,191.10,191.20,181.90,184.50,22602600,160.159
2013-06-10,192.10,193.70,190.50,192.10,10038500,166.757
2013-06-07,190.50,193.70,188.30,193.50,15439800,167.972
2013-06-06,198.10,198.70,190.20,190.20,30327600,165.107
2013-06-05,204.20,204.20,197.70,197.70,15003500,171.618
2013-06-04,203.70,206.70,202.40,205.60,8244500,178.476
2013-06-03,204.70,204.70,201.50,202.20,11763400,175.524
2013-05-31,210.00,210.00,201.30,205.40,22736900,178.302
2013-05-30,210.20,213.90,207.20,210.30,18413200,182.556
2013-05-29,216.40,216.40,209.50,210.50,10338100,182.729
2013-05-28,216.60,218.70,216.20,216.60,14278100,188.024
2013-05-27,214.00,214.00,214.00,214.00,000,185.767
2013-05-24,216.30,216.80,213.00,214.00,5538100,185.767
2013-05-23,214.70,218.20,212.10,214.90,10909100,186.549
2013-05-22,218.20,221.30,217.10,219.80,8030200,190.802
2013-05-21,216.70,218.30,213.70,217.90,19873500,189.153
2013-05-20,222.40,223.20,215.20,216.80,13869300,188.198
2013-05-17,221.10,222.10,218.70,221.60,6186100,192.365
2013-05-16,221.30,222.70,220.40,221.50,7043100,192.278
2013-05-15,219.30,222.50,219.10,221.00,7864500,191.844
2013-05-14,216.60,219.50,215.988,219.50,9138800,190.542
2013-05-13,216.40,217.70,214.988,216.30,6704200,187.764
2013-05-10,220.50,221.40,214.90,215.80,11543100,187.33
2013-05-09,216.00,223.90,215.992,220.40,11255200,191.323
2013-05-08,213.50,216.00,212.80,215.50,8133400,187.07
2013-05-07,208.40,214.10,208.40,213.20,11944900,185.073
2013-05-06,208.10,208.10,208.10,208.10,000,180.646
2013-05-03,204.40,209.10,202.70,208.10,10834000,180.646
2013-05-02,204.20,204.80,202.20,204.50,8510200,177.521
2013-05-01,206.60,206.60,203.10,204.50,2220200,177.521
2013-04-30,205.20,205.60,203.90,205.00,13221600,177.955
2013-04-29,204.70,206.30,204.30,205.30,6679000,178.215
2013-04-26,204.50,204.80,202.70,204.20,6271800,177.26
2013-04-25,201.50,206.10,201.00,205.00,10803500,177.955
2013-04-24,200.30,202.50,198.00,201.30,10770900,174.743
2013-04-23,199.10,205.50,198.50,205.30,7655900,173.151
2013-04-22,201.90,203.10,197.60,198.70,6876000,163.157
2013-04-19,199.50,200.30,197.60,199.80,7214300,164.06
2013-04-18,199.30,201.40,197.30,198.60,5897800,163.075
2013-04-17,201.10,201.10,197.00,198.30,7608000,162.829
2013-04-16,197.80,199.90,196.90,199.50,9026500,163.814
2013-04-15,201.30,201.40,197.50,199.00,9194300,163.403
2013-04-12,202.10,202.70,200.10,201.30,7979700,165.292
2013-04-11,200.70,203.30,200.00,202.90,9008300,166.606
2013-04-10,196.60,201.00,196.40,200.80,20617200,164.881
2013-04-09,195.90,197.60,195.80,197.00,8387400,161.761
2013-04-08,195.20,196.30,194.30,195.70,7568100,160.694
2013-04-05,198.50,199.20,192.20,194.40,9802100,159.626
2013-04-04,201.50,201.90,196.70,197.50,11372600,162.172
2013-04-03,205.50,205.80,199.80,200.30,13551600,164.471
2013-04-02,201.70,206.20,201.70,206.10,9196800,169.233
2013-04-01,202.70,202.70,202.70,202.70,000,166.442
2013-03-29,202.70,202.70,202.70,202.70,000,166.442
2013-03-28,201.80,204.60,200.80,202.70,8252900,166.442
2013-03-27,205.20,205.20,199.20,201.80,6462100,165.703
2013-03-26,203.70,204.70,203.00,204.30,8996900,167.755
2013-03-25,205.20,207.30,201.30,202.30,7182500,166.113
2013-03-22,203.40,205.75,203.00,204.50,14854500,167.92
2013-03-21,206.80,206.90,203.50,204.70,6041500,168.084
2013-03-20,209.00,210.60,206.90,207.20,7300700,170.137
2013-03-19,207.70,208.50,205.90,207.20,9620200,170.137
2013-03-18,204.60,207.90,203.20,207.20,8249400,170.137
2013-03-15,211.70,211.70,208.00,208.70,13006300,171.368
2013-03-14,208.90,211.10,208.80,211.00,8908600,173.257
2013-03-13,208.50,208.80,205.90,208.70,17088700,171.368
2013-03-12,209.30,211.00,208.90,209.30,7794700,171.861
2013-03-11,209.60,210.80,209.40,210.00,4913900,172.436
2013-03-08,209.90,211.20,209.00,210.10,15036300,172.518
2013-03-07,209.80,210.60,207.40,209.30,12833200,171.861
2013-03-06,211.60,213.80,209.80,210.10,7155000,172.518
2013-03-05,208.30,211.50,207.725,210.70,8169800,173.011
2013-03-04,207.40,208.71,204.70,206.80,11477900,169.808
